0.230458103 0.932012524 0.279717209 0.000000000 0.972970247 -0.225067259 -0.051707125 0.000000000 0.014763498 0.284072848 -0.958689030 0.000000000 0
0.231327084 0.931603584 0.280361449 -8.102468457 0.972761461 -0.225909981 -0.051959795 -0.003533309 0.014930518 0.284744520 -0.958487161 0.000005178 1
0.232183874 0.931199021 0.280996499 -16.156450301 0.972554761 -0.226740815 -0.052209575 -0.007044235 0.015095870 0.285406704 -0.958287602 0.000020535 2
0.233032377 0.930797037 0.281625260 -24.177854032 0.972349235 -0.227563546 -0.052457579 -0.010544151 0.015260284 0.286062421 -0.958089461 0.000045949 3
0.233873979 0.930397010 0.282248766 -32.172329852 0.972144568 -0.228379521 -0.052704198 -0.014037026 0.015424010 0.286712746 -0.957892427 0.000081324 4
0.234709481 0.929998588 0.282867614 -40.143129059 0.971940584 -0.229189518 -0.052949652 -0.017525120 0.015587191 0.287358299 -0.957696323 0.000126581 5
0.235539420 0.929601539 0.283482203 -48.092435611 0.971737167 -0.229994060 -0.053194087 -0.021009923 0.015749917 0.287999498 -0.957501034 0.000181645 6
0.236364191 0.929205700 0.284092830 -56.021845420 0.971534235 -0.230793528 -0.053437609 -0.024492505 0.015912256 0.288636648 -0.957306474 0.000246451 7
0.237184098 0.928810945 0.284699722 -63.932589131 0.971331726 -0.231588220 -0.053680295 -0.027973680 0.016074256 0.289269985 -0.957112582 0.000320936 8
0.237999383 0.928417178 0.285303061 -71.825651962 0.971129593 -0.232378373 -0.053922210 -0.031454089 0.016235955 0.289899699 -0.956919306 0.000405044 9
0.238810249 0.928024321 0.285902999 -79.701844814 0.970927799 -0.233164181 -0.054163403 -0.034934256 0.016397384 0.290525946 -0.956726607 0.000498717 10
0.239616865 0.927632309 0.286499663 -87.561849484 0.970726312 -0.233945810 -0.054403915 -0.038414602 0.016558566 0.291148857 -0.956534452 0.000601904 11
0.240419375 0.927241091 0.287093162 -95.406248982 0.970525106 -0.234723402 -0.054643782 -0.041895484 0.016719523 0.291768545 -0.956342812 0.000714552 12
0.241217905 0.926850621 0.287683590 -103.235548765 0.970324162 -0.235497079 -0.054883033 -0.045377211 0.016880271 0.292385109 -0.956151664 0.000836611 13
0.242012566 0.926460863 0.288271032 -111.050192048 0.970123460 -0.236266948 -0.055121694 -0.048860042 0.017040825 0.292998634 -0.955960988 0.000968036 14
0.242803456 0.926071783 0.288855561 -118.850571219 0.969922987 -0.237033107 -0.055359786 -0.052344202 0.017201196 0.293609196 -0.955770767 0.001108778 15
0.243590662 0.925683353 0.289437245 -126.637036516 0.969722729 -0.237795639 -0.055597327 -0.055829888 0.017361394 0.294216865 -0.955580985 0.001258792 16
0.244374264 0.925295551 0.290016142 -134.409902762 0.969522676 -0.238554623 -0.055834336 -0.059317274 0.017521429 0.294821701 -0.955391629 0.001418034 17
0.245154332 0.924908355 0.290592308 -142.169454684 0.969322818 -0.239310128 -0.056070826 -0.062806511 0.017681307 0.295423760 -0.955202687 0.001586460 18
0.245930932 0.924521746 0.291165791 -149.915951191 0.969123147 -0.240062219 -0.056306810 -0.066297734 0.017841035 0.296023094 -0.955014149 0.001764029 19
0.246704123 0.924135709 0.291736638 -157.649628816 0.968923657 -0.240810953 -0.056542301 -0.069791060 0.018000619 0.296619749 -0.954826006 0.001950697 20
0.247473961 0.923750231 0.292304891 -165.370704589 0.968724342 -0.241556384 -0.056777307 -0.073286599 0.018160062 0.297213768 -0.954638250 0.002146424 21
0.248240496 0.923365299 0.292870587 -173.079378373 0.968525197 -0.242298562 -0.057011838 -0.076784439 0.018319369 0.297805190 -0.954450873 0.002351170 22
0.249003774 0.922980903 0.293433764 -180.775834876 0.968326218 -0.243037533 -0.057245902 -0.080284669 0.018478544 0.298394052 -0.954263870 0.002564895 23
0.249763839 0.922597033 0.293994454 -188.460245300 0.968127401 -0.243773340 -0.057479506 -0.083787363 0.018637588 0.298980389 -0.954077233 0.002787559 24
0.250520732 0.922213683 0.294552689 -196.132768784 0.967928744 -0.244506022 -0.057712657 -0.087292589 0.018796504 0.299564231 -0.953890960 0.003019124 25
0.251274490 0.921830844 0.295108498 -203.793553624 0.967730245 -0.245235617 -0.057945360 -0.090800403 0.018955294 0.300145609 -0.953705043 0.003259554 26
0.252025149 0.921448512 0.295661908 -211.442738329 0.967531902 -0.245962159 -0.058177620 -0.094310858 0.019113960 0.300724551 -0.953519481 0.003508807 27
0.252772742 0.921066682 0.296212945 -219.080452535 0.967333713 -0.246685682 -0.058409442 -0.097824009 0.019272501 0.301301083 -0.953334269 0.003766848 28
0.253517301 0.920685348 0.296761634 -226.706817813 0.967135677 -0.247406216 -0.058640830 -0.101339887 0.019430920 0.301875229 -0.953149404 0.004033640 29
0.254258854 0.920304509 0.297307998 -234.321948368 0.966937794 -0.248123790 -0.058871787 -0.104858538 0.019589216 0.302447012 -0.952964882 0.004309146 30
0.254997430 0.919924161 0.297852057 -241.925951664 0.966740064 -0.248838432 -0.059102316 -0.108379984 0.019747390 0.303016455 -0.952780703 0.004593331 31
0.255733055 0.919544303 0.298393833 -249.518928964 0.966542486 -0.249550167 -0.059332420 -0.111904268 0.019905442 0.303583578 -0.952596863 0.004886157 32
0.256465753 0.919164932 0.298933345 -257.100975827 0.966345062 -0.250259020 -0.059562101 -0.115431400 0.020063372 0.304148401 -0.952413361 0.005187590 33
0.257195548 0.918786048 0.299470612 -264.672182533 0.966147791 -0.250965015 -0.059791362 -0.118961412 0.020221178 0.304710943 -0.952230196 0.005497595 34
0.257922462 0.918407651 0.300005651 -272.232634488 0.965950674 -0.251668174 -0.060020203 -0.122494319 0.020378861 0.305271220 -0.952047365 0.005816137 35
0.258646517 0.918029739 0.300538479 -279.782412562 0.965753713 -0.252368517 -0.060248627 -0.126030132 0.020536419 0.305829250 -0.951864867 0.006143180 36
0.259367733 0.917652314 0.301069112 -287.321593412 0.965556908 -0.253066065 -0.060476634 -0.129568868 0.020693852 0.306385049 -0.951682703 0.006478689 37
0.260086129 0.917275375 0.301597565 -294.850249760 0.965360262 -0.253760837 -0.060704226 -0.133110535 0.020851159 0.306938632 -0.951500870 0.006822633 38
0.260801723 0.916898925 0.302123853 -302.368450659 0.965163774 -0.254452850 -0.060931403 -0.136655141 0.021008337 0.307490013 -0.951319369 0.007174974 39
0.261514532 0.916522964 0.302647989 -309.876261729 0.964967448 -0.255142123 -0.061158166 -0.140202691 0.021165387 0.308039207 -0.951138199 0.007535681 40
0.262224574 0.916147494 0.303169988 -317.373745360 0.964771285 -0.255828672 -0.061384514 -0.143753189 0.021322307 0.308586227 -0.950957360 0.007904719 41
0.262931864 0.915772517 0.303689861 -324.860960927 0.964575287 -0.256512513 -0.061610448 -0.147306634 0.021479094 0.309131085 -0.950776851 0.008282055 42
0.263636417 0.915398035 0.304207621 -332.337964950 0.964379455 -0.257193661 -0.061835968 -0.150863030 0.021635748 0.309673793 -0.950596674 0.008667657 43
0.264338248 0.915024051 0.304723280 -339.804811274 0.964183794 -0.257872130 -0.062061074 -0.154422368 0.021792266 0.310214364 -0.950416827 0.009061490 44
0.265037371 0.914650566 0.305236849 -347.261551211 0.963988303 -0.258547935 -0.062285765 -0.157984645 0.021948646 0.310752808 -0.950237312 0.009463522 45
0.265733799 0.914277585 0.305748339 -354.708233674 0.963792987 -0.259221088 -0.062510041 -0.161549861 0.022104887 0.311289135 -0.950058129 0.009873719 46
0.266427545 0.913905109 0.306257760 -362.144905327 0.963597848 -0.259891604 -0.062733901 -0.165118006 0.022260987 0.311823357 -0.949879278 0.010292051 47
0.267118620 0.913533143 0.306765122 -369.571610678 0.963402887 -0.260559493 -0.062957345 -0.168689071 0.022416944 0.312355483 -0.949700760 0.010718483 48
0.267807038 0.913161689 0.307270435 -376.988392206 0.963208109 -0.261224768 -0.063180370 -0.172263046 0.022572755 0.312885522 -0.949522575 0.011152984 49
0.268492808 0.912790752 0.307773708 -384.395290459 0.963013515 -0.261887441 -0.063402977 -0.175839921 0.022728418 0.313413484 -0.949344725 0.011595521 50
0.269175943 0.912420334 0.308274951 -391.792344145 0.962819110 -0.262547521 -0.063625164 -0.179419679 0.022883930 0.313939377 -0.949167210 0.012046064 51
0.269856451 0.912050441 0.308774171 -399.179590222 0.962624894 -0.263205020 -0.063846931 -0.183002321 0.023039291 0.314463209 -0.948990032 0.012504577 52
0.270534344 0.911681076 0.309271377 -406.557063983 0.962430872 -0.263859948 -0.064068275 -0.186587814 0.023194496 0.314984990 -0.948813191 0.012971032 53
0.271209630 0.911312243 0.309766577 -413.924799130 0.962237047 -0.264512314 -0.064289195 -0.190176155 0.023349544 0.315504725 -0.948636689 0.013445396 54
0.271882320 0.910943947 0.310259779 -421.282827840 0.962043422 -0.265162128 -0.064509690 -0.193767325 0.023504432 0.316022423 -0.948460526 0.013927636 55
0.272552421 0.910576191 0.310750990 -428.631180846 0.961850000 -0.265809398 -0.064729758 -0.197361304 0.023659157 0.316538091 -0.948284705 0.014417722 56
0.273219942 0.910208982 0.311240217 -435.969887485 0.961656784 -0.266454134 -0.064949397 -0.200958079 0.023813718 0.317051737 -0.948109225 0.014915621 57
0.273884892 0.909842323 0.311727468 -443.298975767 0.961463778 -0.267096344 -0.065168607 -0.204557627 0.023968110 0.317563365 -0.947934090 0.015421305 58
0.274547278 0.909476219 0.312212748 -450.618472422 0.961270984 -0.267736035 -0.065387384 -0.208159927 0.024122333 0.318072984 -0.947759300 0.015934740 59
0.275207108 0.909110675 0.312696065 -457.928402957 0.961078407 -0.268373216 -0.065605727 -0.211764961 0.024276382 0.318580599 -0.947584856 0.016455895 60
0.275864388 0.908745696 0.313177425 -465.228791704 0.960886050 -0.269007894 -0.065823635 -0.215372709 0.024430255 0.319086216 -0.947410761 0.016984738 61
0.276519127 0.908381287 0.313656834 -472.519661862 0.960693917 -0.269640077 -0.066041104 -0.218983144 0.024583950 0.319589841 -0.947237015 0.017521239 62
0.277171331 0.908017454 0.314134298 -479.801035544 0.960502010 -0.270269770 -0.066258134 -0.222596249 0.024737463 0.320091480 -0.947063621 0.018065368 63
0.277821006 0.907654201 0.314609822 -487.072933819 0.960310334 -0.270896981 -0.066474721 -0.226211998 0.024890791 0.320591137 -0.946890581 0.018617092 64
0.278468159 0.907291534 0.315083411 -494.335376744 0.960118892 -0.271521717 -0.066690864 -0.229830367 0.025043933 0.321088818 -0.946717895 0.019176382 65
0.279112795 0.906929459 0.315555072 -501.588383409 0.959927687 -0.272143983 -0.066906560 -0.233451329 0.025196884 0.321584528 -0.946545566 0.019743206 66
0.279754920 0.906567981 0.316024810 -508.831971957 0.959736725 -0.272763785 -0.067121808 -0.237074859 0.025349641 0.322078272 -0.946373596 0.020317534 67
0.280394540 0.906207106 0.316492628 -516.066159638 0.959546007 -0.273381130 -0.067336604 -0.240700936 0.025502203 0.322570053 -0.946201986 0.020899333 68
0.281031660 0.905846839 0.316958532 -523.290962820 0.959355539 -0.273996022 -0.067550947 -0.244329531 0.025654565 0.323059878 -0.946030739 0.021488576 69
0.281666285 0.905487185 0.317422527 -530.506397026 0.959165323 -0.274608468 -0.067764833 -0.247960611 0.025806726 0.323547750 -0.945859856 0.022085230 70
0.282298421 0.905128152 0.317884617 -537.712476963 0.958975364 -0.275218472 -0.067978261 -0.251594158 0.025958680 0.324033672 -0.945689339 0.022689265 71
0.282928071 0.904769745 0.318344807 -544.909216546 0.958785666 -0.275826039 -0.068191228 -0.255230136 0.026110427 0.324517650 -0.945519191 0.023300651 72
0.283555240 0.904411969 0.318803100 -552.096628920 0.958596232 -0.276431175 -0.068403732 -0.258868523 0.026261962 0.324999687 -0.945349413 0.023919357 73
0.284179933 0.904054831 0.319259501 -559.274726491 0.958407066 -0.277033883 -0.068615769 -0.262509285 0.026413282 0.325479786 -0.945180008 0.024545351 74
0.284802154 0.903698336 0.319714014 -566.443520943 0.958218173 -0.277634168 -0.068827337 -0.266152392 0.026564384 0.325957952 -0.945010977 0.025178605 75
0.285421907 0.903342491 0.320166642 -573.603023262 0.958029556 -0.278232035 -0.069038433 -0.269797814 0.026715266 0.326434187 -0.944842323 0.025819087 76
0.286039195 0.902987303 0.320617389 -580.753243748 0.957841219 -0.278827487 -0.069249055 -0.273445527 0.026865923 0.326908495 -0.944674049 0.026466768 77
0.286654023 0.902632776 0.321066259 -587.894192051 0.957653167 -0.279420529 -0.069459200 -0.277095494 0.027016353 0.327380879 -0.944506155 0.027121616 78
0.287266394 0.902278918 0.321513255 -595.025877172 0.957465403 -0.280011164 -0.069668865 -0.280747683 0.027166552 0.327851342 -0.944338645 0.027783602 79
0.287876311 0.901925735 0.321958380 -602.148307494 0.957277931 -0.280599396 -0.069878048 -0.284402064 0.027316517 0.328319886 -0.944171520 0.028452695 80
0.288483777 0.901573233 0.322401638 -609.261490790 0.957090756 -0.281185228 -0.070086744 -0.288058604 0.027466246 0.328786516 -0.944004784 0.029128865 81
0.289088796 0.901221418 0.322843032 -616.365434240 0.956903882 -0.281768665 -0.070294952 -0.291717273 0.027615733 0.329251233 -0.943838438 0.029812081 82
0.289691370 0.900870298 0.323282564 -623.460144454 0.956717312 -0.282349708 -0.070502669 -0.295378035 0.027764977 0.329714040 -0.943672484 0.030502314 83
0.290291503 0.900519878 0.323720238 -630.545627480 0.956531052 -0.282928362 -0.070709891 -0.299040855 0.027913974 0.330174940 -0.943506926 0.031199533 84
0.290889196 0.900170165 0.324156056 -637.621888813 0.956345105 -0.283504629 -0.070916616 -0.302705704 0.028062720 0.330633935 -0.943341765 0.031903707 85
0.291484453 0.899821166 0.324590021 -644.688933417 0.956159475 -0.284078512 -0.071122840 -0.306372542 0.028211213 0.331091026 -0.943177003 0.032614809 86
0.292077276 0.899472888 0.325022136 -651.746765745 0.955974166 -0.284650013 -0.071328561 -0.310041341 0.028359448 0.331546218 -0.943012644 0.033332804 87
0.292667667 0.899125336 0.325452403 -658.795389726 0.955789184 -0.285219136 -0.071533776 -0.313712062 0.028507423 0.331999510 -0.942848690 0.034057666 88
0.293255628 0.898778518 0.325880825 -665.834808804 0.955604531 -0.285785883 -0.071738480 -0.317384669 0.028655134 0.332450906 -0.942685143 0.034789362 89
0.293841162 0.898432440 0.326307403 -672.865025931 0.955420213 -0.286350256 -0.071942672 -0.321059128 0.028802578 0.332900407 -0.942522005 0.035527864 90
0.294424270 0.898087110 0.326732141 -679.886043582 0.955236233 -0.286912257 -0.072146348 -0.324735402 0.028949750 0.333348015 -0.942359280 0.036273139 91
0.295004954 0.897742534 0.327155040 -686.897863777 0.955052597 -0.287471889 -0.072349505 -0.328413458 0.029096649 0.333793732 -0.942196969 0.037025159 92
0.295583216 0.897398719 0.327576102 -693.900488072 0.954869307 -0.288029153 -0.072552140 -0.332093254 0.029243270 0.334237560 -0.942035076 0.037783895 93
0.296159057 0.897055671 0.327995329 -700.893917581 0.954686369 -0.288584052 -0.072754249 -0.335774758 0.029389609 0.334679499 -0.941873603 0.038549313 94
0.296732479 0.896713399 0.328412723 -707.878152981 0.954503788 -0.289136588 -0.072955829 -0.339457929 0.029535664 0.335119552 -0.941712552 0.039321386 95
0.297303483 0.896371908 0.328828286 -714.853194527 0.954321566 -0.289686761 -0.073156878 -0.343142730 0.029681431 0.335557720 -0.941551926 0.040100082 96
0.297872070 0.896031206 0.329242020 -721.819042040 0.954139710 -0.290234574 -0.073357390 -0.346829123 0.029826907 0.335994004 -0.941391728 0.040885373 97
0.298438243 0.895691299 0.329653927 -728.775694950 0.953958222 -0.290780028 -0.073557365 -0.350517071 0.029972087 0.336428405 -0.941231960 0.041677225 98
0.299002001 0.895352196 0.330064007 -735.723152270 0.953777108 -0.291323125 -0.073756797 -0.354206537 0.030116968 0.336860924 -0.941072625 0.042475612 99
0.299563346 0.895013902 0.330472263 -742.661412615 0.953596372 -0.291863866 -0.073955684 -0.357897478 0.030261547 0.337291563 -0.940913726 0.043280501 100
0.300122279 0.894676426 0.330878695 -749.590474221 0.953416018 -0.292402252 -0.074154022 -0.361589862 0.030405821 0.337720322 -0.940755266 0.044091862 101
0.300678800 0.894339773 0.331283306 -756.510334937 0.953236052 -0.292938285 -0.074351808 -0.365283638 0.030549785 0.338147203 -0.940597246 0.044909666 102
0.301232910 0.894003952 0.331686097 -763.420992232 0.953056476 -0.293471965 -0.074549038 -0.368978777 0.030693436 0.338572206 -0.940439671 0.045733882 103
0.301784610 0.893668970 0.332087068 -770.322443215 0.952877297 -0.294003293 -0.074745709 -0.372675233 0.030836770 0.338995332 -0.940282542 0.046564479 104
0.302333901 0.893334834 0.332486221 -777.214684625 0.952698518 -0.294532271 -0.074941818 -0.376372967 0.030979785 0.339416582 -0.940125862 0.047401429 105
0.302880782 0.893001550 0.332883557 -784.097712843 0.952520143 -0.295058898 -0.075137361 -0.380071940 0.031122476 0.339835957 -0.939969635 0.048244698 106
0.303425254 0.892669128 0.333279078 -790.971523902 0.952342179 -0.295583177 -0.075332335 -0.383772111 0.031264839 0.340253456 -0.939813862 0.049094259 107
0.303967318 0.892337573 0.333672783 -797.836113489 0.952164628 -0.296105107 -0.075526735 -0.387473437 0.031406872 0.340669080 -0.939658548 0.049950080 108
0.304506973 0.892006893 0.334064675 -804.691476943 0.951987495 -0.296624689 -0.075720559 -0.391175878 0.031548570 0.341082831 -0.939503694 0.050812132 109
0.305044220 0.891677095 0.334454753 -811.537609273 0.951810786 -0.297141923 -0.075913803 -0.394879392 0.031689929 0.341494708 -0.939349303 0.051680382 110
0.305579059 0.891348188 0.334843019 -818.374505154 0.951634504 -0.297656810 -0.076106463 -0.398583935 0.031830947 0.341904711 -0.939195379 0.052554802 111
0.306111489 0.891020178 0.335229473 -825.202158936 0.951458655 -0.298169350 -0.076298536 -0.402289467 0.031971619 0.342312842 -0.939041923 0.053435360 112
0.306641511 0.890693072 0.335614116 -832.020564644 0.951283242 -0.298679544 -0.076490018 -0.405995947 0.032111942 0.342719099 -0.938888940 0.054322027 113
0.307169124 0.890366879 0.335996949 -838.829715988 0.951108271 -0.299187391 -0.076680906 -0.409703332 0.032251912 0.343123484 -0.938736432 0.055214772 114
0.307694328 0.890041606 0.336377971 -845.629606360 0.950933746 -0.299692892 -0.076871195 -0.413411574 0.032391525 0.343525995 -0.938584402 0.056113563 115
0.308217122 0.889717261 0.336757185 -852.420228839 0.950759672 -0.300196047 -0.077060883 -0.417120634 0.032530778 0.343926634 -0.938432853 0.057018371 116
0.308737507 0.889393850 0.337134589 -859.201576209 0.950586053 -0.300696855 -0.077249965 -0.420830471 0.032669667 0.344325400 -0.938281787 0.057929165 117
0.309255482 0.889071382 0.337510185 -865.973640944 0.950412894 -0.301195316 -0.077438438 -0.424541034 0.032808188 0.344722294 -0.938131208 0.058845915 118
0.309771045 0.888749864 0.337883973 -872.736415212 0.950240200 -0.301691431 -0.077626298 -0.428252282 0.032946337 0.345117314 -0.937981118 0.059768588 119
0.310284197 0.888429304 0.338255953 -879.489890899 0.950067976 -0.302185199 -0.077813542 -0.431964172 0.033084111 0.345510461 -0.937831522 0.060697157 120
0.310794937 0.888109709 0.338626125 -886.234059590 0.949896225 -0.302676619 -0.078000165 -0.435676660 0.033221506 0.345901734 -0.937682421 0.061631587 121
0.311303264 0.887791087 0.338994489 -892.968912576 0.949724954 -0.303165691 -0.078186164 -0.439389701 0.033358519 0.346291133 -0.937533818 0.062571852 122
0.311809176 0.887473447 0.339361046 -899.694440875 0.949554165 -0.303652415 -0.078371535 -0.443103250 0.033495145 0.346678658 -0.937385717 0.063517916 123
0.312312674 0.887156795 0.339725795 -906.410635210 0.949383866 -0.304136791 -0.078556275 -0.446817258 0.033631380 0.347064309 -0.937238121 0.064469752 124
0.312813755 0.886841139 0.340088737 -913.117486022 0.949214059 -0.304618816 -0.078740379 -0.450531685 0.033767221 0.347448084 -0.937091033 0.065427328 125
0.313312420 0.886526488 0.340449871 -919.814983488 0.949044750 -0.305098492 -0.078923843 -0.454246478 0.033902665 0.347829983 -0.936944455 0.066390613 126
0.313808666 0.886212848 0.340809197 -926.503117491 0.948875943 -0.305575817 -0.079106665 -0.457961599 0.034037706 0.348210006 -0.936798392 0.067359575 127
0.314302493 0.885900229 0.341166716 -933.181877656 0.948707644 -0.306050790 -0.079288839 -0.461676995 0.034172342 0.348588151 -0.936652845 0.068334185 128
0.314793899 0.885588637 0.341522427 -939.851253319 0.948539857 -0.306523410 -0.079470363 -0.465392625 0.034306569 0.348964419 -0.936507818 0.069314411 129
0.315282883 0.885278080 0.341876329 -946.511233572 0.948372587 -0.306993676 -0.079651232 -0.469108439 0.034440382 0.349338809 -0.936363314 0.070300222 130
0.315769443 0.884968567 0.342228423 -953.161807218 0.948205839 -0.307461588 -0.079831442 -0.472824386 0.034573778 0.349711319 -0.936219337 0.071291586 131
0.316253578 0.884660106 0.342578708 -959.802962804 0.948039617 -0.307927144 -0.080010989 -0.476540428 0.034706753 0.350081949 -0.936075889 0.072288473 132
0.316735287 0.884352704 0.342927183 -966.434688620 0.947873927 -0.308390343 -0.080189870 -0.480256510 0.034839304 0.350450697 -0.935932974 0.073290850 133
0.317214567 0.884046369 0.343273849 -973.056972684 0.947708773 -0.308851184 -0.080368080 -0.483972588 0.034971426 0.350817564 -0.935790594 0.074298690 134
0.317691418 0.883741110 0.343618704 -979.669802770 0.947544160 -0.309309666 -0.080545616 -0.487688614 0.035103115 0.351182547 -0.935648753 0.075311957 135
0.318165837 0.883436934 0.343961749 -986.273166377 0.947380092 -0.309765787 -0.080722473 -0.491404536 0.035234368 0.351545646 -0.935507455 0.076330621 136
0.318637822 0.883133849 0.344302982 -992.867050760 0.947216576 -0.310219546 -0.080898648 -0.495120312 0.035365180 0.351906860 -0.935366701 0.077354651 137
0.319107372 0.882831864 0.344642402 -999.451442923 0.947053616 -0.310670941 -0.081074136 -0.498835886 0.035495548 0.352266188 -0.935226496 0.078384016 138
0.319574485 0.882530986 0.344980010 -1006.026329607 0.946891216 -0.311119971 -0.081248934 -0.502551208 0.035625469 0.352623627 -0.935086843 0.079418685 139
0.320039159 0.882231224 0.345315804 -1012.591697312 0.946729381 -0.311566634 -0.081423038 -0.506266239 0.035754937 0.352979178 -0.934947744 0.080458624 140
0.320501391 0.881932586 0.345649784 -1019.147532282 0.946568117 -0.312010929 -0.081596442 -0.509980919 0.035883949 0.353332838 -0.934809204 0.081503803 141
0.320961179 0.881635079 0.345981948 -1025.693820512 0.946407429 -0.312452854 -0.081769145 -0.513695205 0.036012501 0.353684607 -0.934671225 0.082554190 142
0.321418522 0.881338713 0.346312296 -1032.230547756 0.946247320 -0.312892407 -0.081941140 -0.517409040 0.036140589 0.354034482 -0.934533811 0.083609755 143
0.321873417 0.881043495 0.346640827 -1038.757699516 0.946087797 -0.313329586 -0.082112424 -0.521122383 0.036268209 0.354382463 -0.934396964 0.084670462 144
0.322325861 0.880749434 0.346967540 -1045.275261054 0.945928865 -0.313764389 -0.082282994 -0.524835178 0.036395358 0.354728548 -0.934260689 0.085736284 145
0.322775853 0.880456537 0.347292434 -1051.783217390 0.945770527 -0.314196815 -0.082452844 -0.528547371 0.036522031 0.355072735 -0.934124988 0.086807186 146
0.323223390 0.880164814 0.347615507 -1058.281553293 0.945612790 -0.314626861 -0.082621972 -0.532258917 0.036648224 0.355415023 -0.933989866 0.087883137 147
0.323668469 0.879874272 0.347936759 -1064.770253294 0.945455658 -0.315054526 -0.082790371 -0.535969765 0.036773933 0.355755410 -0.933855324 0.088964105 148
0.324111087 0.879584919 0.348256189 -1071.249301686 0.945299135 -0.315479806 -0.082958040 -0.539679857 0.036899154 0.356093894 -0.933721367 0.090050057 149
0.324551243 0.879296765 0.348573794 -1077.718682518 0.945143229 -0.315902701 -0.083124972 -0.543389145 0.037023884 0.356430474 -0.933587997 0.091140963 150
0.324988933 0.879009817 0.348889575 -1084.178379604 0.944987942 -0.316323207 -0.083291165 -0.547097580 0.037148118 0.356765148 -0.933455219 0.092236788 151
0.325424155 0.878724083 0.349203529 -1090.628376517 0.944833281 -0.316741323 -0.083456613 -0.550805101 0.037271852 0.357097914 -0.933323036 0.093337502 152
0.325856906 0.878439573 0.349515656 -1097.068656590 0.944679250 -0.317157045 -0.083621313 -0.554511667 0.037395082 0.357428770 -0.933191450 0.094443072 153
0.326287183 0.878156294 0.349825953 -1103.499202920 0.944525854 -0.317570372 -0.083785260 -0.558217221 0.037517805 0.357757713 -0.933060466 0.095553465 154
0.326714982 0.877874256 0.350134420 -1109.919998365 0.944373099 -0.317981302 -0.083948450 -0.561921703 0.037640015 0.358084743 -0.932930086 0.096668650 155
0.327140302 0.877593465 0.350441054 -1116.331025553 0.944220989 -0.318389830 -0.084110879 -0.565625064 0.037761710 0.358409857 -0.932800315 0.097788593 156
0.327563139 0.877313932 0.350745855 -1122.732266869 0.944069530 -0.318795955 -0.084272543 -0.569327256 0.037882884 0.358733053 -0.932671155 0.098913261 157
0.327983489 0.877035664 0.351048821 -1129.123704470 0.943918727 -0.319199675 -0.084433436 -0.573028221 0.038003534 0.359054329 -0.932542610 0.100042624 158
0.328401350 0.876758670 0.351349949 -1135.505320271 0.943768584 -0.319600986 -0.084593556 -0.576727903 0.038123657 0.359373682 -0.932414684 0.101176646 159
0.328816719 0.876482959 0.351649240 -1141.877095954 0.943619107 -0.319999885 -0.084752897 -0.580426249 0.038243246 0.359691111 -0.932287380 0.102315296 160
0.329229591 0.876208539 0.351946689 -1148.239012969 0.943470302 -0.320396371 -0.084911455 -0.584123207 0.038362300 0.360006613 -0.932160701 0.103458542 161
0.329639964 0.875935419 0.352242297 -1154.591052527 0.943322173 -0.320790439 -0.085069226 -0.587818714 0.038480813 0.360320185 -0.932034651 0.104606349 162
0.330047834 0.875663607 0.352536060 -1160.933195614 0.943174725 -0.321182087 -0.085226206 -0.591512728 0.038598781 0.360631826 -0.931909234 0.105758686 163
0.330453199 0.875393112 0.352827978 -1167.265422968 0.943027963 -0.321571311 -0.085382389 -0.595205184 0.038716200 0.360941533 -0.931784452 0.106915519 164
0.330856053 0.875123943 0.353118048 -1173.587715108 0.942881894 -0.321958109 -0.085537772 -0.598896028 0.038833067 0.361249304 -0.931660310 0.108076813 165
0.331256393 0.874856109 0.353406268 -1179.900052312 0.942736521 -0.322342478 -0.085692350 -0.602585206 0.038949376 0.361555135 -0.931536811 0.109242538 166
0.331654217 0.874589617 0.353692637 -1186.202414621 0.942591850 -0.322724414 -0.085846119 -0.606272661 0.039065124 0.361859025 -0.931413959 0.110412659 167
0.332049520 0.874324478 0.353977151 -1192.494781844 0.942447887 -0.323103914 -0.085999075 -0.609958335 0.039180307 0.362160970 -0.931291756 0.111587142 168
0.332442298 0.874060699 0.354259810 -1198.777133567 0.942304636 -0.323480974 -0.086151212 -0.613642176 0.039294920 0.362460968 -0.931170208 0.112765955 169
0.332832547 0.873798290 0.354540611 -1205.049449125 0.942162104 -0.323855592 -0.086302526 -0.617324122 0.039408960 0.362759017 -0.931049316 0.113949065 170
0.333220264 0.873537259 0.354819551 -1211.311707634 0.942020294 -0.324227763 -0.086453013 -0.621004119 0.039522421 0.363055113 -0.930929086 0.115136435 171
0.333605444 0.873277615 0.355096628 -1217.563887967 0.941879212 -0.324597485 -0.086602669 -0.624682105 0.039635301 0.363349254 -0.930809520 0.116328035 172
0.333988084 0.873019367 0.355371841 -1223.805968762 0.941738864 -0.324964753 -0.086751488 -0.628358030 0.039747594 0.363641437 -0.930690622 0.117523829 173
0.334368179 0.872762523 0.355645187 -1230.037928427 0.941599255 -0.325329564 -0.086899466 -0.632031829 0.039859296 0.363931659 -0.930572396 0.118723785 174
0.334745725 0.872507094 0.355916663 -1236.259745140 0.941460390 -0.325691914 -0.087046599 -0.635703446 0.039970404 0.364219917 -0.930454845 0.119927867 175
0.335120718 0.872253087 0.356186266 -1242.471396825 0.941322275 -0.326051800 -0.087192882 -0.639372826 0.040080913 0.364506208 -0.930337974 0.121136043 176
0.335493153 0.872000512 0.356453996 -1248.672861195 0.941184914 -0.326409217 -0.087338310 -0.643039900 0.040190818 0.364790528 -0.930221785 0.122348278 177
0.335863026 0.871749378 0.356719848 -1254.864115708 0.941048314 -0.326764162 -0.087482880 -0.646704620 0.040300116 0.365072876 -0.930106282 0.123564537 178
0.336230333 0.871499693 0.356983820 -1261.045137593 0.940912478 -0.327116630 -0.087626585 -0.650366924 0.040408802 0.365353247 -0.929991470 0.124784787 179
0.336595069 0.871251467 0.357245910 -1267.215903849 0.940777414 -0.327466618 -0.087769422 -0.654026749 0.040516872 0.365631638 -0.929877351 0.126008993 180
0.336957230 0.871004709 0.357506115 -1273.376391222 0.940643126 -0.327814122 -0.087911386 -0.657684036 0.040624322 0.365908046 -0.929763930 0.127237120 181
0.337316810 0.870759428 0.357764432 -1279.526576235 0.940509619 -0.328159137 -0.088052472 -0.661338728 0.040731147 0.366182468 -0.929651211 0.128469135 182
0.337673806 0.870515632 0.358020858 -1285.666435165 0.940376899 -0.328501658 -0.088192676 -0.664990759 0.040837343 0.366454901 -0.929539196 0.129705002 183
0.338028212 0.870273332 0.358275391 -1291.795944052 0.940244972 -0.328841683 -0.088331992 -0.668640073 0.040942905 0.366725340 -0.929427890 0.130944687 184
0.338380023 0.870032536 0.358528028 -1297.915078700 0.940113842 -0.329179206 -0.088470417 -0.672286606 0.041047830 0.366993783 -0.929317297 0.132188155 185
0.338729236 0.869793253 0.358778765 -1304.023814666 0.939983515 -0.329514224 -0.088607945 -0.675930299 0.041152114 0.367260226 -0.929207420 0.133435371 186
0.339075843 0.869555493 0.359027600 -1310.122127274 0.939853997 -0.329846730 -0.088744571 -0.679571091 0.041255750 0.367524665 -0.929098264 0.134686301 187
0.339419842 0.869319264 0.359274530 -1316.209991596 0.939725293 -0.330176722 -0.088880292 -0.683208913 0.041358737 0.367787097 -0.928989831 0.135940908 188
0.339761225 0.869084577 0.359519551 -1322.287382477 0.939597408 -0.330504194 -0.089015101 -0.686843715 0.041461068 0.368047518 -0.928882126 0.137199159 189
0.340099990 0.868851440 0.359762661 -1328.354274505 0.939470349 -0.330829142 -0.089148995 -0.690475424 0.041562740 0.368305924 -0.928775153 0.138461017 190
0.340436129 0.868619863 0.360003856 -1334.410642035 0.939344119 -0.331151560 -0.089281968 -0.694103977 0.041663748 0.368562312 -0.928668915 0.139726448 191
0.340769637 0.868389855 0.360243132 -1340.456459169 0.939218726 -0.331471445 -0.089414015 -0.697729318 0.041764088 0.368816677 -0.928563417 0.140995414 192
0.341100510 0.868161425 0.360480488 -1346.491699764 0.939094174 -0.331788791 -0.089545132 -0.701351378 0.041863756 0.369069016 -0.928458662 0.142267883 193
0.341428742 0.867934583 0.360715919 -1352.516337441 0.938970469 -0.332103593 -0.089675314 -0.704970098 0.041962746 0.369319325 -0.928354654 0.143543818 194
0.341754327 0.867709338 0.360949421 -1358.530345561 0.938847617 -0.332415846 -0.089804556 -0.708585409 0.042061055 0.369567600 -0.928251397 0.144823182 195
0.342077260 0.867485699 0.361180992 -1364.533697247 0.938725622 -0.332725545 -0.089932853 -0.712197251 0.042158679 0.369813836 -0.928148896 0.146105941 196
0.342397535 0.867263677 0.361410628 -1370.526365364 0.938604491 -0.333032685 -0.090060200 -0.715805557 0.042255612 0.370058030 -0.928047153 0.147392057 197
0.342715146 0.867043280 0.361638326 -1376.508322534 0.938484230 -0.333337260 -0.090186592 -0.719410259 0.042351850 0.370300177 -0.927946173 0.148681495 198
0.343030087 0.866824519 0.361864081 -1382.479541121 0.938364843 -0.333639266 -0.090312024 -0.723011301 0.042447390 0.370540273 -0.927845960 0.149974219 199
0.343342353 0.866607402 0.362087890 -1388.439993247 0.938246336 -0.333938697 -0.090436491 -0.726608606 0.042542225 0.370778314 -0.927746518 0.151270192 200
0.343651938 0.866391939 0.362309749 -1394.389650769 0.938128716 -0.334235548 -0.090559989 -0.730202112 0.042636353 0.371014295 -0.927647850 0.152569380 201
0.343958835 0.866178140 0.362529655 -1400.328485296 0.938011987 -0.334529812 -0.090682512 -0.733791761 0.042729768 0.371248213 -0.927549962 0.153871743 202
0.344263038 0.865966014 0.362747603 -1406.256468184 0.937896155 -0.334821485 -0.090804055 -0.737377476 0.042822466 0.371480062 -0.927452856 0.155177248 203
0.344564542 0.865755571 0.362963590 -1412.173570523 0.937781226 -0.335110560 -0.090924613 -0.740959192 0.042914442 0.371709838 -0.927356537 0.156485855 204
0.344863339 0.865546821 0.363177612 -1418.079763154 0.937667205 -0.335397032 -0.091044181 -0.744536846 0.043005692 0.371937537 -0.927261009 0.157797530 205
0.345159424 0.865339773 0.363389665 -1423.975016651 0.937554099 -0.335680896 -0.091162753 -0.748110369 0.043096212 0.372163153 -0.927166276 0.159112234 206
0.345452790 0.865134438 0.363599744 -1429.859301336 0.937441913 -0.335962145 -0.091280326 -0.751679691 0.043185996 0.372386683 -0.927072343 0.160429930 207
0.345743431 0.864930825 0.363807846 -1435.732587260 0.937330652 -0.336240772 -0.091396894 -0.755244746 0.043275040 0.372608121 -0.926979212 0.161750583 208
0.346031340 0.864728943 0.364013966 -1441.594844215 0.937220322 -0.336516773 -0.091512451 -0.758805463 0.043363341 0.372827462 -0.926886889 0.163074154 209
0.346316510 0.864528803 0.364218100 -1447.446041733 0.937110930 -0.336790142 -0.091626992 -0.762361774 0.043450892 0.373044702 -0.926795377 0.164400606 210
0.346598935 0.864330414 0.364420244 -1453.286149068 0.937002480 -0.337060871 -0.091740513 -0.765913615 0.043537689 0.373259836 -0.926704680 0.165729901 211
0.346878608 0.864133786 0.364620393 -1459.115135220 0.936894979 -0.337328954 -0.091853007 -0.769460907 0.043623729 0.373472859 -0.926614804 0.167062001 212
0.347155522 0.863938930 0.364818543 -1464.932968911 0.936788432 -0.337594386 -0.091964471 -0.773003587 0.043709006 0.373683765 -0.926525751 0.168396872 213
0.347429669 0.863745855 0.365014690 -1470.739618592 0.936682845 -0.337857160 -0.092074898 -0.776541585 0.043793515 0.373892549 -0.926437526 0.169734472 214
0.347701044 0.863554570 0.365208828 -1476.535052451 0.936578225 -0.338117269 -0.092184283 -0.780074827 0.043877253 0.374099207 -0.926350134 0.171074763 215
0.347969639 0.863365087 0.365400954 -1482.319238390 0.936474575 -0.338374706 -0.092292621 -0.783603243 0.043960214 0.374303733 -0.926263578 0.172417710 216
0.348235446 0.863177415 0.365591062 -1488.092144047 0.936371904 -0.338629466 -0.092399907 -0.787126763 0.044042393 0.374506122 -0.926177862 0.173763273 217
0.348498458 0.862991564 0.365779148 -1493.853736775 0.936270215 -0.338881541 -0.092506136 -0.790645317 0.044123787 0.374706367 -0.926092992 0.175111414 218
0.348758668 0.862807544 0.365965207 -1499.603983653 0.936169516 -0.339130924 -0.092611301 -0.794158830 0.044204390 0.374904465 -0.926008971 0.176462095 219
0.349016069 0.862625366 0.366149235 -1505.342851477 0.936069812 -0.339377609 -0.092715398 -0.797667230 0.044284197 0.375100409 -0.925925803 0.177815277 220
0.349270652 0.862445039 0.366331225 -1511.070306765 0.935971109 -0.339621588 -0.092818422 -0.801170442 0.044363205 0.375294194 -0.925843493 0.179170920 221
0.349522411 0.862266573 0.366511174 -1516.786315743 0.935873413 -0.339862855 -0.092920366 -0.804668401 0.044441408 0.375485814 -0.925762046 0.180528987 222
0.349771337 0.862089980 0.366689076 -1522.490844367 0.935776730 -0.340101402 -0.093021226 -0.808161025 0.044518802 0.375675263 -0.925681464 0.181889439 223
0.350017423 0.861915269 0.366864926 -1528.183858285 0.935681065 -0.340337221 -0.093120996 -0.811648243 0.044595381 0.375862536 -0.925601754 0.183252236 224
0.350260660 0.861742449 0.367038718 -1533.865322872 0.935586425 -0.340570307 -0.093219671 -0.815129983 0.044671141 0.376047626 -0.925522918 0.184617339 225
0.350501041 0.861571533 0.367210449 -1539.535203205 0.935492816 -0.340800650 -0.093317245 -0.818606167 0.044746078 0.376230528 -0.925444962 0.185984707 226
0.350738558 0.861402529 0.367380111 -1545.193464076 0.935400243 -0.341028245 -0.093413713 -0.822076725 0.044820186 0.376411236 -0.925367890 0.187354306 227
0.350973203 0.861235449 0.367547700 -1550.840069964 0.935308713 -0.341253082 -0.093509068 -0.825541578 0.044893461 0.376589743 -0.925291707 0.188726091 228
0.351204966 0.861070303 0.367713211 -1556.474985071 0.935218231 -0.341475155 -0.093603307 -0.829000646 0.044965898 0.376766045 -0.925216416 0.190100023 229
0.351433841 0.860907100 0.367876637 -1562.098173285 0.935128804 -0.341694455 -0.093696422 -0.832453865 0.045037492 0.376940133 -0.925142022 0.191476065 230
0.351659817 0.860745853 0.368037973 -1567.709598205 0.935040437 -0.341910975 -0.093788409 -0.835901150 0.045108238 0.377112002 -0.925068530 0.192854175 231
0.351882888 0.860586570 0.368197214 -1573.309223117 0.934953138 -0.342124706 -0.093879262 -0.839342423 0.045178132 0.377281646 -0.924995944 0.194234313 232
0.352103044 0.860429263 0.368354354 -1578.897011007 0.934866911 -0.342335642 -0.093968975 -0.842777614 0.045247168 0.377449059 -0.924924268 0.195616439 233
0.352320276 0.860273942 0.368509386 -1584.472924553 0.934781762 -0.342543772 -0.094057542 -0.846206637 0.045315343 0.377614233 -0.924853508 0.197000512 234
0.352534576 0.860120618 0.368662306 -1590.036926123 0.934697699 -0.342749090 -0.094144958 -0.849629422 0.045382650 0.377777162 -0.924783667 0.198386493 235
0.352745934 0.859969301 0.368813106 -1595.588977772 0.934614726 -0.342951587 -0.094231218 -0.853045883 0.045449085 0.377937839 -0.924714751 0.199774338 236
0.352954342 0.859820002 0.368961781 -1601.129041240 0.934532851 -0.343151254 -0.094316315 -0.856455943 0.045514644 0.378096259 -0.924646763 0.201164009 237
0.353159791 0.859672732 0.369108326 -1606.657077953 0.934452079 -0.343348083 -0.094400244 -0.859859529 0.045579320 0.378252413 -0.924579709 0.202555464 238
0.353362270 0.859527501 0.369252732 -1612.173049015 0.934372416 -0.343542065 -0.094482999 -0.863256554 0.045643110 0.378406295 -0.924513592 0.203948664 239
0.353561772 0.859384321 0.369394995 -1617.676915215 0.934293869 -0.343733192 -0.094564574 -0.866646941 0.045706009 0.378557898 -0.924448419 0.205343563 240
0.353758286 0.859243201 0.369535108 -1623.168637006 0.934216444 -0.343921454 -0.094644964 -0.870030612 0.045768010 0.378707215 -0.924384192 0.206740125 241
0.353951803 0.859104153 0.369673065 -1628.648174528 0.934140147 -0.344106843 -0.094724162 -0.873407476 0.045829111 0.378854239 -0.924320917 0.208138305 242
0.354142313 0.858967188 0.369808858 -1634.115487588 0.934064984 -0.344289350 -0.094802162 -0.876777464 0.045889305 0.378998962 -0.924258599 0.209538062 243
0.354329807 0.858832316 0.369942482 -1639.570535656 0.933990961 -0.344468965 -0.094878960 -0.880140488 0.045948587 0.379141378 -0.924197242 0.210939354 244
0.354514275 0.858699549 0.370073930 -1645.013277873 0.933918085 -0.344645679 -0.094954549 -0.883496468 0.046006953 0.379281479 -0.924136851 0.212342139 245
0.354695706 0.858568897 0.370203194 -1650.443673046 0.933846362 -0.344819484 -0.095028922 -0.886845318 0.046064397 0.379419257 -0.924077431 0.213746375 246
0.354874090 0.858440372 0.370330269 -1655.861679638 0.933775798 -0.344990368 -0.095102075 -0.890186957 0.046120915 0.379554705 -0.924018986 0.215152020 247
0.355049418 0.858313984 0.370455147 -1661.267255771 0.933706400 -0.345158324 -0.095174001 -0.893521303 0.046176502 0.379687815 -0.923961522 0.216559030 248
0.355221680 0.858189744 0.370577821 -1666.660359226 0.933638173 -0.345323340 -0.095244694 -0.896848272 0.046231151 0.379818580 -0.923905042 0.217967365 249
0.355390863 0.858067664 0.370698284 -1672.040947432 0.933571125 -0.345485408 -0.095314148 -0.900167774 0.046284860 0.379946991 -0.923849552 0.219376979 250
0.355556959 0.857947755 0.370816529 -1677.408977467 0.933505262 -0.345644518 -0.095382357 -0.903479731 0.046337621 0.380073042 -0.923795057 0.220787832 251
0.355719957 0.857830028 0.370932548 -1682.764406063 0.933440589 -0.345800658 -0.095449315 -0.906784054 0.046389431 0.380196723 -0.923741562 0.222199878 252
0.355879845 0.857714494 0.371046335 -1688.107189588 0.933377113 -0.345953821 -0.095515016 -0.910080657 0.046440284 0.380318026 -0.923689070 0.223613076 253
0.356036613 0.857601164 0.371157882 -1693.437284058 0.933314842 -0.346103994 -0.095579454 -0.913369459 0.046490175 0.380436945 -0.923637588 0.225027381 254
0.356190251 0.857490050 0.371267181 -1698.754645119 0.933253780 -0.346251168 -0.095642622 -0.916650364 0.046539098 0.380553469 -0.923587121 0.226442750 255
0.356340745 0.857381163 0.371374224 -1704.059228057 0.933193935 -0.346395332 -0.095704515 -0.919923290 0.046587050 0.380667592 -0.923537672 0.227859140 256
0.356488087 0.857274514 0.371479005 -1709.350987787 0.933135313 -0.346536476 -0.095765126 -0.923188151 0.046634023 0.380779304 -0.923489247 0.229276505 257
