-0.750964851 0.352999713 -0.558070780 0.000000000 0.566256783 0.779020364 -0.269222080 0.000000000 0.339713185 -0.518187683 -0.784905394 0.000000000 0
-0.750965576 0.352999339 -0.558070041 -0.000004055 0.566255885 0.779021020 -0.269222070 7.526600999 0.339713079 -0.518186952 -0.784905922 0.000004293 1
-0.750966298 0.352998967 -0.558069305 -0.000008030 0.566254991 0.779021673 -0.269222061 15.024065840 0.339712974 -0.518186224 -0.784906448 0.000017410 2
-0.750967018 0.352998595 -0.558068571 -0.000011945 0.566254099 0.779022324 -0.269222052 22.501383604 0.339712869 -0.518185498 -0.784906973 0.000039280 3
-0.750967736 0.352998224 -0.558067839 -0.000015816 0.566253209 0.779022974 -0.269222043 29.961700966 0.339712765 -0.518184773 -0.784907497 0.000069846 4
-0.750968453 0.352997854 -0.558067109 -0.000019642 0.566252321 0.779023623 -0.269222034 37.406802234 0.339712661 -0.518184050 -0.784908019 0.000109057 5
-0.750969168 0.352997485 -0.558066379 -0.000023430 0.566251435 0.779024271 -0.269222025 44.837866697 0.339712556 -0.518183328 -0.784908541 0.000156871 6
-0.750969883 0.352997116 -0.558065651 -0.000027181 0.566250550 0.779024917 -0.269222016 52.255740812 0.339712453 -0.518182607 -0.784909062 0.000213243 7
-0.750970596 0.352996748 -0.558064925 -0.000030896 0.566249666 0.779025562 -0.269222007 59.661064454 0.339712349 -0.518181888 -0.784909581 0.000278134 8
-0.750971308 0.352996381 -0.558064199 -0.000034578 0.566248784 0.779026206 -0.269221997 67.054338804 0.339712245 -0.518181170 -0.784910100 0.000351506 9
-0.750972018 0.352996014 -0.558063475 -0.000038230 0.566247904 0.779026850 -0.269221988 74.435966492 0.339712142 -0.518180453 -0.784910619 0.000433321 10
-0.750972728 0.352995648 -0.558062751 -0.000041846 0.566247025 0.779027492 -0.269221979 81.806277123 0.339712038 -0.518179737 -0.784911136 0.000523542 11
-0.750973437 0.352995282 -0.558062029 -0.000045431 0.566246147 0.779028133 -0.269221970 89.165544375 0.339711935 -0.518179022 -0.784911653 0.000622135 12
-0.750974144 0.352994917 -0.558061308 -0.000048989 0.566245270 0.779028773 -0.269221961 96.513997906 0.339711832 -0.518178308 -0.784912168 0.000729064 13
-0.750974851 0.352994552 -0.558060588 -0.000052515 0.566244395 0.779029413 -0.269221952 103.851831961 0.339711729 -0.518177595 -0.784912684 0.000844295 14
-0.750975556 0.352994188 -0.558059869 -0.000056015 0.566243521 0.779030051 -0.269221943 111.179211771 0.339711627 -0.518176883 -0.784913198 0.000967797 15
-0.750976261 0.352993825 -0.558059151 -0.000059482 0.566242648 0.779030689 -0.269221934 118.496278393 0.339711524 -0.518176173 -0.784913712 0.001099532 16
-0.750976964 0.352993462 -0.558058433 -0.000062923 0.566241776 0.779031325 -0.269221925 125.803152473 0.339711422 -0.518175463 -0.784914224 0.001239470 17
-0.750977667 0.352993099 -0.558057717 -0.000066336 0.566240906 0.779031961 -0.269221916 133.099937199 0.339711319 -0.518174754 -0.784914737 0.001387575 18
-0.750978368 0.352992737 -0.558057002 -0.000069718 0.566240037 0.779032596 -0.269221907 140.386720663 0.339711217 -0.518174046 -0.784915248 0.001543818 19
-0.750979069 0.352992375 -0.558056288 -0.000073076 0.566239168 0.779033230 -0.269221899 147.663577782 0.339711115 -0.518173339 -0.784915759 0.001708163 20
-0.750979769 0.352992014 -0.558055575 -0.000076404 0.566238302 0.779033863 -0.269221890 154.930571868 0.339711013 -0.518172633 -0.784916269 0.001880580 21
-0.750980468 0.352991654 -0.558054863 -0.000079707 0.566237436 0.779034495 -0.269221881 162.187755907 0.339710912 -0.518171928 -0.784916779 0.002061036 22
-0.750981165 0.352991293 -0.558054151 -0.000082981 0.566236571 0.779035127 -0.269221872 169.435173669 0.339710810 -0.518171224 -0.784917287 0.002249498 23
-0.750981862 0.352990934 -0.558053441 -0.000086226 0.566235708 0.779035758 -0.269221863 176.672860582 0.339710708 -0.518170521 -0.784917795 0.002445935 24
-0.750982558 0.352990575 -0.558052732 -0.000089446 0.566234846 0.779036387 -0.269221854 183.900844534 0.339710607 -0.518169819 -0.784918303 0.002650312 25
-0.750983253 0.352990216 -0.558052023 -0.000092639 0.566233985 0.779037016 -0.269221845 191.119146507 0.339710506 -0.518169118 -0.784918809 0.002862601 26
-0.750983947 0.352989858 -0.558051316 -0.000095805 0.566233125 0.779037644 -0.269221836 198.327781152 0.339710405 -0.518168418 -0.784919315 0.003082764 27
-0.750984641 0.352989500 -0.558050609 -0.000098942 0.566232266 0.779038272 -0.269221827 205.526757265 0.339710304 -0.518167718 -0.784919821 0.003310771 28
-0.750985333 0.352989143 -0.558049904 -0.000102056 0.566231408 0.779038898 -0.269221819 212.716078208 0.339710203 -0.518167020 -0.784920325 0.003546593 29
-0.750986024 0.352988786 -0.558049199 -0.000105138 0.566230552 0.779039524 -0.269221810 219.895742268 0.339710102 -0.518166323 -0.784920829 0.003790192 30
-0.750986714 0.352988430 -0.558048495 -0.000108196 0.566229697 0.779040148 -0.269221801 227.065742984 0.339710002 -0.518165626 -0.784921333 0.004041536 31
-0.750987404 0.352988074 -0.558047793 -0.000111227 0.566228842 0.779040772 -0.269221792 234.226069408 0.339709901 -0.518164930 -0.784921835 0.004300594 32
-0.750988092 0.352987719 -0.558047091 -0.000114232 0.566227989 0.779041395 -0.269221783 241.376706348 0.339709801 -0.518164236 -0.784922337 0.004567333 33
-0.750988780 0.352987364 -0.558046390 -0.000117205 0.566227138 0.779042017 -0.269221774 248.517634599 0.339709701 -0.518163542 -0.784922839 0.004841718 34
-0.750989467 0.352987009 -0.558045690 -0.000120155 0.566226287 0.779042639 -0.269221766 255.648831092 0.339709601 -0.518162849 -0.784923339 0.005123715 35
-0.750990152 0.352986655 -0.558044991 -0.000123077 0.566225437 0.779043259 -0.269221757 262.770269093 0.339709501 -0.518162158 -0.784923839 0.005413292 36
-0.750990837 0.352986302 -0.558044293 -0.000125969 0.566224589 0.779043879 -0.269221748 269.881918320 0.339709401 -0.518161467 -0.784924338 0.005710415 37
-0.750991521 0.352985949 -0.558043596 -0.000128838 0.566223742 0.779044498 -0.269221739 276.983745074 0.339709302 -0.518160777 -0.784924837 0.006015047 38
-0.750992204 0.352985597 -0.558042900 -0.000131677 0.566222896 0.779045115 -0.269221731 284.075712348 0.339709202 -0.518160088 -0.784925335 0.006327157 39
-0.750992885 0.352985245 -0.558042205 -0.000134489 0.566222051 0.779045732 -0.269221722 291.157779929 0.339709103 -0.518159400 -0.784925832 0.006646707 40
-0.750993566 0.352984893 -0.558041511 -0.000137273 0.566221208 0.779046349 -0.269221713 298.229904472 0.339709004 -0.518158713 -0.784926328 0.006973666 41
-0.750994246 0.352984543 -0.558040818 -0.000140029 0.566220365 0.779046964 -0.269221704 305.292039566 0.339708905 -0.518158027 -0.784926824 0.007307995 42
-0.750994925 0.352984192 -0.558040126 -0.000142756 0.566219524 0.779047578 -0.269221696 312.344135797 0.339708806 -0.518157342 -0.784927319 0.007649660 43
-0.750995603 0.352983842 -0.558039435 -0.000145457 0.566218684 0.779048192 -0.269221687 319.386140811 0.339708707 -0.518156658 -0.784927814 0.007998625 44
-0.750996280 0.352983493 -0.558038745 -0.000148129 0.566217845 0.779048805 -0.269221678 326.417999341 0.339708609 -0.518155974 -0.784928307 0.008354853 45
-0.750996957 0.352983144 -0.558038056 -0.000150769 0.566217007 0.779049416 -0.269221670 333.439653251 0.339708510 -0.518155292 -0.784928800 0.008718309 46
-0.750997632 0.352982796 -0.558037367 -0.000153383 0.566216171 0.779050027 -0.269221661 340.451041548 0.339708412 -0.518154611 -0.784929292 0.009088953 47
-0.750998306 0.352982448 -0.558036680 -0.000155969 0.566215336 0.779050637 -0.269221652 347.452100424 0.339708314 -0.518153931 -0.784929784 0.009466750 48
-0.750998979 0.352982100 -0.558035994 -0.000158525 0.566214502 0.779051246 -0.269221644 354.442763254 0.339708215 -0.518153252 -0.784930274 0.009851662 49
-0.750999651 0.352981753 -0.558035309 -0.000161050 0.566213669 0.779051854 -0.269221635 361.422960611 0.339708118 -0.518152574 -0.784930764 0.010243651 50
-0.751000322 0.352981407 -0.558034625 -0.000163546 0.566212838 0.779052462 -0.269221626 368.392620267 0.339708020 -0.518151897 -0.784931254 0.010642679 51
-0.751000992 0.352981061 -0.558033942 -0.000166016 0.566212008 0.779053068 -0.269221618 375.351667177 0.339707922 -0.518151221 -0.784931742 0.011048706 52
-0.751001661 0.352980716 -0.558033260 -0.000168451 0.566211179 0.779053673 -0.269221609 382.300023504 0.339707825 -0.518150546 -0.784932230 0.011461691 53
-0.751002329 0.352980371 -0.558032579 -0.000170860 0.566210351 0.779054278 -0.269221601 389.237608563 0.339707727 -0.518149872 -0.784932717 0.011881596 54
-0.751002996 0.352980027 -0.558031899 -0.000173238 0.566209525 0.779054881 -0.269221592 396.164338844 0.339707630 -0.518149199 -0.784933203 0.012308381 55
-0.751003662 0.352979684 -0.558031221 -0.000175583 0.566208700 0.779055484 -0.269221584 403.080127959 0.339707533 -0.518148527 -0.784933689 0.012742005 56
-0.751004326 0.352979340 -0.558030543 -0.000177900 0.566207876 0.779056085 -0.269221575 409.984886630 0.339707436 -0.518147856 -0.784934173 0.013182425 57
-0.751004990 0.352978998 -0.558029866 -0.000180183 0.566207054 0.779056686 -0.269221566 416.878522665 0.339707340 -0.518147187 -0.784934657 0.013629601 58
-0.751005653 0.352978656 -0.558029191 -0.000182436 0.566206233 0.779057286 -0.269221558 423.760940899 0.339707243 -0.518146518 -0.784935141 0.014083490 59
-0.751006314 0.352978315 -0.558028516 -0.000184658 0.566205413 0.779057884 -0.269221549 430.632043172 0.339707147 -0.518145850 -0.784935623 0.014544048 60
-0.751006975 0.352977974 -0.558027843 -0.000186848 0.566204595 0.779058482 -0.269221541 437.491728292 0.339707050 -0.518145184 -0.784936104 0.015011235 61
-0.751007634 0.352977633 -0.558027171 -0.000189006 0.566203778 0.779059079 -0.269221532 444.339891969 0.339706954 -0.518144519 -0.784936585 0.015485002 62
-0.751008292 0.352977294 -0.558026500 -0.000191129 0.566202963 0.779059674 -0.269221524 451.176426774 0.339706858 -0.518143855 -0.784937065 0.015965307 63
-0.751008950 0.352976955 -0.558025830 -0.000193221 0.566202149 0.779060269 -0.269221515 458.001222073 0.339706763 -0.518143192 -0.784937544 0.016452103 64
-0.751009605 0.352976616 -0.558025162 -0.000195281 0.566201336 0.779060862 -0.269221507 464.814163985 0.339706667 -0.518142530 -0.784938023 0.016945347 65
-0.751010260 0.352976278 -0.558024494 -0.000197305 0.566200525 0.779061455 -0.269221499 471.615135300 0.339706572 -0.518141869 -0.784938500 0.017444989 66
-0.751010914 0.352975941 -0.558023828 -0.000199297 0.566199715 0.779062046 -0.269221490 478.404015411 0.339706476 -0.518141210 -0.784938977 0.017950983 67
-0.751011566 0.352975604 -0.558023163 -0.000201257 0.566198907 0.779062637 -0.269221482 485.180680254 0.339706381 -0.518140551 -0.784939452 0.018463282 68
-0.751012218 0.352975268 -0.558022499 -0.000203179 0.566198100 0.779063226 -0.269221473 491.945002211 0.339706286 -0.518139894 -0.784939927 0.018981836 69
-0.751012868 0.352974933 -0.558021836 -0.000205065 0.566197294 0.779063814 -0.269221465 498.696850040 0.339706192 -0.518139238 -0.784940401 0.019506596 70
-0.751013517 0.352974598 -0.558021175 -0.000206919 0.566196490 0.779064401 -0.269221457 505.436088781 0.339706097 -0.518138583 -0.784940874 0.020037510 71
-0.751014164 0.352974264 -0.558020514 -0.000208737 0.566195688 0.779064988 -0.269221448 512.162579670 0.339706003 -0.518137930 -0.784941346 0.020574529 72
-0.751014811 0.352973930 -0.558019855 -0.000210514 0.566194887 0.779065572 -0.269221440 518.876180035 0.339705908 -0.518137278 -0.784941818 0.021117601 73
-0.751015456 0.352973597 -0.558019198 -0.000212260 0.566194088 0.779066156 -0.269221432 525.576743185 0.339705814 -0.518136627 -0.784942288 0.021666671 74
-0.751016100 0.352973265 -0.558018541 -0.000213969 0.566193290 0.779066739 -0.269221423 532.264118326 0.339705721 -0.518135977 -0.784942758 0.022221686 75
-0.751016742 0.352972933 -0.558017886 -0.000215640 0.566192494 0.779067320 -0.269221415 538.938150413 0.339705627 -0.518135329 -0.784943226 0.022782594 76
-0.751017383 0.352972602 -0.558017233 -0.000217270 0.566191699 0.779067901 -0.269221407 545.598680055 0.339705533 -0.518134682 -0.784943694 0.023349336 77
-0.751018023 0.352972272 -0.558016580 -0.000218866 0.566190907 0.779068480 -0.269221398 552.245543385 0.339705440 -0.518134036 -0.784944160 0.023921858 78
-0.751018662 0.352971942 -0.558015929 -0.000220421 0.566190115 0.779069058 -0.269221390 558.878571905 0.339705347 -0.518133392 -0.784944626 0.024500100 79
-0.751019299 0.352971614 -0.558015280 -0.000221938 0.566189326 0.779069634 -0.269221382 565.497592370 0.339705254 -0.518132749 -0.784945091 0.025084006 80
-0.751019935 0.352971285 -0.558014631 -0.000223414 0.566188538 0.779070210 -0.269221374 572.102426635 0.339705161 -0.518132107 -0.784945554 0.025673515 81
-0.751020570 0.352970958 -0.558013984 -0.000224851 0.566187752 0.779070784 -0.269221366 578.692891486 0.339705069 -0.518131467 -0.784946017 0.026268567 82
-0.751021203 0.352970631 -0.558013339 -0.000226247 0.566186967 0.779071357 -0.269221357 585.268798498 0.339704977 -0.518130828 -0.784946479 0.026869099 83
-0.751021834 0.352970305 -0.558012695 -0.000227601 0.566186185 0.779071928 -0.269221349 591.829953845 0.339704885 -0.518130190 -0.784946939 0.027475047 84
-0.751022465 0.352969980 -0.558012052 -0.000228913 0.566185404 0.779072499 -0.269221341 598.376158132 0.339704793 -0.518129554 -0.784947399 0.028086351 85
-0.751023093 0.352969656 -0.558011411 -0.000230184 0.566184625 0.779073068 -0.269221333 604.907206200 0.339704701 -0.518128920 -0.784947857 0.028702941 86
-0.751023721 0.352969332 -0.558010772 -0.000231411 0.566183847 0.779073635 -0.269221325 611.422886922 0.339704609 -0.518128287 -0.784948315 0.029324753 87
-0.751024347 0.352969009 -0.558010134 -0.000232595 0.566183072 0.779074202 -0.269221317 617.922983009 0.339704518 -0.518127655 -0.784948771 0.029951717 88
-0.751024971 0.352968687 -0.558009497 -0.000233735 0.566182299 0.779074766 -0.269221309 624.407270774 0.339704427 -0.518127025 -0.784949226 0.030583764 89
-0.751025594 0.352968365 -0.558008863 -0.000234828 0.566181527 0.779075330 -0.269221301 630.875519914 0.339704336 -0.518126397 -0.784949680 0.031220823 90
-0.751026215 0.352968045 -0.558008229 -0.000235878 0.566180757 0.779075892 -0.269221293 637.327493247 0.339704246 -0.518125770 -0.784950133 0.031862823 91
-0.751026834 0.352967725 -0.558007598 -0.000236882 0.566179990 0.779076453 -0.269221285 643.762946472 0.339704155 -0.518125145 -0.784950585 0.032509686 92
-0.751027452 0.352967406 -0.558006968 -0.000237837 0.566179224 0.779077012 -0.269221277 650.181627904 0.339704065 -0.518124521 -0.784951036 0.033161341 93
-0.751028069 0.352967088 -0.558006339 -0.000238747 0.566178460 0.779077570 -0.269221269 656.583278163 0.339703976 -0.518123899 -0.784951485 0.033817707 94
-0.751028683 0.352966771 -0.558005713 -0.000239607 0.566177699 0.779078126 -0.269221261 662.967629899 0.339703886 -0.518123279 -0.784951933 0.034478707 95
-0.751029296 0.352966455 -0.558005088 -0.000240416 0.566176939 0.779078681 -0.269221253 669.334407465 0.339703796 -0.518122661 -0.784952380 0.035144260 96
-0.751029908 0.352966139 -0.558004465 -0.000241177 0.566176182 0.779079234 -0.269221245 675.683326579 0.339703707 -0.518122044 -0.784952826 0.035814282 97
-0.751030517 0.352965825 -0.558003843 -0.000241888 0.566175427 0.779079785 -0.269221237 682.014093982 0.339703618 -0.518121429 -0.784953270 0.036488688 98
-0.751031125 0.352965511 -0.558003224 -0.000242545 0.566174674 0.779080335 -0.269221229 688.326407058 0.339703530 -0.518120816 -0.784953713 0.037167393 99
-0.751031731 0.352965198 -0.558002606 -0.000243153 0.566173923 0.779080883 -0.269221221 694.619953443 0.339703441 -0.518120204 -0.784954155 0.037850307 100
-0.751032335 0.352964887 -0.558001990 -0.000243705 0.566173175 0.779081430 -0.269221213 700.894410606 0.339703353 -0.518119595 -0.784954596 0.038537338 101
-0.751032937 0.352964576 -0.558001376 -0.000244204 0.566172429 0.779081975 -0.269221205 707.149445412 0.339703266 -0.518118987 -0.784955035 0.039228395 102
-0.751033537 0.352964266 -0.558000764 -0.000244646 0.566171685 0.779082518 -0.269221198 713.384713666 0.339703178 -0.518118381 -0.784955473 0.039923381 103
-0.751034136 0.352963957 -0.558000154 -0.000245033 0.566170943 0.779083060 -0.269221190 719.599859590 0.339703091 -0.518117777 -0.784955909 0.040622199 104
-0.751034732 0.352963649 -0.557999546 -0.000245360 0.566170204 0.779083599 -0.269221182 725.794515334 0.339703004 -0.518117175 -0.784956344 0.041324746 105
-0.751035326 0.352963343 -0.557998940 -0.000245633 0.566169468 0.779084137 -0.269221174 731.968300403 0.339702917 -0.518116576 -0.784956777 0.042030920 106
-0.751035919 0.352963037 -0.557998336 -0.000245844 0.566168734 0.779084673 -0.269221167 738.120821066 0.339702831 -0.518115978 -0.784957209 0.042740615 107
-0.751036509 0.352962732 -0.557997734 -0.000245996 0.566168003 0.779085207 -0.269221159 744.251669748 0.339702745 -0.518115382 -0.784957640 0.043453720 108
-0.751037097 0.352962429 -0.557997135 -0.000246084 0.566167274 0.779085739 -0.269221151 750.360424338 0.339702659 -0.518114789 -0.784958068 0.044170126 109
-0.751037683 0.352962127 -0.557996537 -0.000246110 0.566166548 0.779086270 -0.269221144 756.446647510 0.339702573 -0.518114197 -0.784958496 0.044889716 110
-0.751038267 0.352961825 -0.557995942 -0.000246075 0.566165825 0.779086798 -0.269221136 762.509885950 0.339702488 -0.518113608 -0.784958921 0.045612370 111
-0.751038848 0.352961525 -0.557995349 -0.000245968 0.566165104 0.779087324 -0.269221129 768.549669556 0.339702403 -0.518113022 -0.784959345 0.046337967 112
-0.751039428 0.352961226 -0.557994759 -0.000245800 0.566164387 0.779087848 -0.269221121 774.565510595 0.339702319 -0.518112437 -0.784959768 0.047066380 113
-0.751040004 0.352960929 -0.557994171 -0.000245558 0.566163672 0.779088370 -0.269221114 780.556902780 0.339702235 -0.518111855 -0.784960188 0.047797481 114
-0.751040579 0.352960632 -0.557993585 -0.000245250 0.566162960 0.779088890 -0.269221106 786.523320284 0.339702151 -0.518111275 -0.784960607 0.048531135 115
-0.751041151 0.352960337 -0.557993002 -0.000244869 0.566162252 0.779089407 -0.269221099 792.464216709 0.339702067 -0.518110698 -0.784961024 0.049267205 116
-0.751041720 0.352960043 -0.557992421 -0.000244417 0.566161546 0.779089923 -0.269221091 798.379023969 0.339701984 -0.518110124 -0.784961440 0.050005547 117
-0.751042287 0.352959751 -0.557991843 -0.000243888 0.566160844 0.779090436 -0.269221084 804.267151077 0.339701902 -0.518109552 -0.784961853 0.050746015 118
-0.751042851 0.352959460 -0.557991268 -0.000243285 0.566160145 0.779090946 -0.269221077 810.127982875 0.339701819 -0.518108982 -0.784962264 0.051488456 119
-0.751043413 0.352959170 -0.557990696 -0.000242604 0.566159449 0.779091454 -0.269221069 815.960878645 0.339701737 -0.518108415 -0.784962674 0.052232713 120
-0.751043972 0.352958882 -0.557990126 -0.000241840 0.566158757 0.779091960 -0.269221062 821.765170621 0.339701656 -0.518107852 -0.784963081 0.052978623 121
-0.751044528 0.352958595 -0.557989559 -0.000240994 0.566158068 0.779092463 -0.269221055 827.540162401 0.339701575 -0.518107290 -0.784963487 0.053726019 122
-0.751045081 0.352958309 -0.557988995 -0.000240067 0.566157382 0.779092964 -0.269221048 833.285127212 0.339701494 -0.518106732 -0.784963890 0.054474725 123
-0.751045631 0.352958025 -0.557988434 -0.000239053 0.566156701 0.779093461 -0.269221040 838.999306059 0.339701414 -0.518106177 -0.784964291 0.055224560 124
-0.751046178 0.352957743 -0.557987876 -0.000237950 0.566156023 0.779093956 -0.269221033 844.681905711 0.339701334 -0.518105625 -0.784964690 0.055975336 125
-0.751046722 0.352957462 -0.557987322 -0.000236758 0.566155349 0.779094449 -0.269221026 850.332096525 0.339701255 -0.518105076 -0.784965087 0.056726858 126
-0.751047263 0.352957183 -0.557986771 -0.000235469 0.566154679 0.779094938 -0.269221019 855.949010098 0.339701176 -0.518104530 -0.784965481 0.057478924 127
-0.751047800 0.352956906 -0.557986223 -0.000234088 0.566154013 0.779095424 -0.269221012 861.531736707 0.339701097 -0.518103988 -0.784965873 0.058231323 128
-0.751048334 0.352956630 -0.557985678 -0.000232607 0.566153351 0.779095908 -0.269221005 867.079322523 0.339701019 -0.518103449 -0.784966263 0.058983834 129
-0.751048865 0.352956357 -0.557985137 -0.000231024 0.566152694 0.779096388 -0.269220998 872.590766595 0.339700942 -0.518102914 -0.784966650 0.059736229 130
-0.751049392 0.352956085 -0.557984600 -0.000229341 0.566152041 0.779096865 -0.269220991 878.065017552 0.339700865 -0.518102382 -0.784967034 0.060488271 131
-0.751049915 0.352955815 -0.557984066 -0.000227548 0.566151392 0.779097338 -0.269220985 883.500970003 0.339700789 -0.518101854 -0.784967416 0.061239709 132
-0.751050435 0.352955546 -0.557983536 -0.000225646 0.566150749 0.779097808 -0.269220978 888.897460587 0.339700713 -0.518101329 -0.784967794 0.061990283 133
-0.751050950 0.352955280 -0.557983011 -0.000223627 0.566150110 0.779098275 -0.269220971 894.253263675 0.339700638 -0.518100809 -0.784968170 0.062739722 134
-0.751051462 0.352955016 -0.557982489 -0.000221494 0.566149476 0.779098738 -0.269220964 899.567086611 0.339700563 -0.518100293 -0.784968543 0.063487741 135
-0.751051969 0.352954755 -0.557981972 -0.000219237 0.566148847 0.779099197 -0.269220958 904.837564509 0.339700489 -0.518099781 -0.784968914 0.064234040 136
-0.751052472 0.352954495 -0.557981459 -0.000216858 0.566148224 0.779099652 -0.269220951 910.063254491 0.339700416 -0.518099273 -0.784969280 0.064978306 137
-0.751052971 0.352954238 -0.557980950 -0.000214346 0.566147606 0.779100103 -0.269220945 915.242629348 0.339700343 -0.518098770 -0.784969644 0.065720210 138
-0.751053465 0.352953983 -0.557980447 -0.000211702 0.566146994 0.779100550 -0.269220938 920.374070477 0.339700271 -0.518098271 -0.784970004 0.066459405 139
-0.751053954 0.352953730 -0.557979948 -0.000208920 0.566146388 0.779100993 -0.269220932 925.455860097 0.339700199 -0.518097777 -0.784970361 0.067195527 140
-0.751054438 0.352953480 -0.557979454 -0.000205992 0.566145788 0.779101431 -0.269220925 930.486172540 0.339700129 -0.518097289 -0.784970714 0.067928191 141
-0.751054918 0.352953233 -0.557978966 -0.000202916 0.566145194 0.779101865 -0.269220919 935.463064558 0.339700059 -0.518096805 -0.784971064 0.068656988 142
-0.751055391 0.352952989 -0.557978482 -0.000199682 0.566144607 0.779102294 -0.269220913 940.384464464 0.339699990 -0.518096327 -0.784971409 0.069381488 143
-0.751055860 0.352952747 -0.557978005 -0.000196289 0.566144027 0.779102717 -0.269220907 945.248159963 0.339699921 -0.518095854 -0.784971751 0.070101236 144
-0.751056322 0.352952508 -0.557977534 -0.000192727 0.566143454 0.779103136 -0.269220901 950.051784450 0.339699854 -0.518095388 -0.784972088 0.070815744 145
-0.751056778 0.352952273 -0.557977068 -0.000188992 0.566142888 0.779103549 -0.269220895 954.792801542 0.339699787 -0.518094927 -0.784972421 0.071524500 146
-0.751057229 0.352952041 -0.557976609 -0.000185072 0.566142331 0.779103956 -0.269220889 959.468487538 0.339699721 -0.518094473 -0.784972749 0.072226953 147
-0.751057672 0.352951812 -0.557976157 -0.000180962 0.566141781 0.779104357 -0.269220883 964.075911527 0.339699657 -0.518094025 -0.784973072 0.072922516 148
-0.751120411 0.352699447 -0.558051278 0.288256432 0.565982466 0.779179353 -0.269338790 968.668991337 0.339826392 -0.518153101 -0.784879218 0.073619234 149
-0.751306432 0.351946650 -0.558276098 1.151100945 0.565508050 0.779402044 -0.269690746 973.302424080 0.340204778 -0.518330020 -0.784598432 0.074325501 150
-0.751613275 0.350699019 -0.558648086 2.584540435 0.564722112 0.779769705 -0.270274202 977.974251794 0.340831956 -0.518622604 -0.784132752 0.075041340 151
-0.752037848 0.348961940 -0.559164233 4.584597246 0.563628129 0.780278993 -0.271086750 982.682480404 0.341705146 -0.519028186 -0.783484100 0.075766908 152
-0.752576455 0.346740604 -0.559821072 7.147126939 0.562229491 0.780925974 -0.272126116 987.425079962 0.342821642 -0.519543624 -0.782654294 0.076502502 153
-0.753224816 0.344040028 -0.560614694 10.267817063 0.560529510 0.781706145 -0.273390146 992.199984878 0.344178798 -0.520165322 -0.781645055 0.077248546 154
-0.753978097 0.340865072 -0.561540766 13.942186082 0.558531427 0.782614459 -0.274876798 997.005094257 0.345774023 -0.520889250 -0.780458016 0.078005596 155
-0.754830930 0.337220467 -0.562594547 18.165582392 0.556238430 0.783645347 -0.276584126 1001.838272203 0.347604771 -0.521710960 -0.779094729 0.078774328 156
-0.755777440 0.333110832 -0.563770906 22.933183471 0.553653666 0.784792742 -0.278510270 1006.697348210 0.349668527 -0.522625608 -0.777556683 0.079555538 157
-0.756811271 0.328540702 -0.565064339 28.239995157 0.550780252 0.786050100 -0.280653442 1011.580117577 0.351962801 -0.523627967 -0.775845306 0.080350135 158
-0.757925606 0.323514551 -0.566468985 34.080851033 0.547621293 0.787410425 -0.283011911 1016.484341830 0.354485113 -0.524712453 -0.773961980 0.081159135 159
-0.759113193 0.318036821 -0.567978644 40.450411992 0.544179893 0.788866292 -0.285583992 1021.407749248 0.357232982 -0.525873134 -0.771908054 0.081983659 160
-0.760366372 0.312111948 -0.569586791 47.343165878 0.540459175 0.790409869 -0.288368026 1026.348035368 0.360203915 -0.527103757 -0.769684850 0.082824923 161
-0.761677096 0.305744384 -0.571286594 54.753427342 0.536462291 0.792032940 -0.291362372 1031.302863559 0.363395392 -0.528397761 -0.767293683 0.083684240 162
-0.763036960 0.298938632 -0.573070931 62.675337764 0.532192443 0.793726928 -0.294565388 1036.269865624 0.366804855 -0.529748297 -0.764735863 0.084563005 163
-0.764437220 0.291699269 -0.574932408 71.102865400 0.527652893 0.795482920 -0.297975417 1041.246642470 0.370429699 -0.531148248 -0.762012714 0.085462694 164
-0.765868824 0.284030972 -0.576863374 80.029805637 0.522846984 0.797291689 -0.301590774 1046.230764769 0.374267253 -0.532590246 -0.759125585 0.086384863 165
-0.767322435 0.275938549 -0.578855939 89.449781415 0.517778151 0.799143720 -0.305409726 1051.219773707 0.378314772 -0.534066693 -0.756075857 0.087331127 166
-0.768788458 0.267426963 -0.580901994 99.356243823 0.512449942 0.801029233 -0.309430485 1056.211181740 0.382569424 -0.535569779 -0.752864960 0.088303176 167
-0.770257065 0.258501360 -0.582993225 109.742472844 0.506866025 0.802938208 -0.313651188 1061.202473425 0.387028277 -0.537091502 -0.749494384 0.089302746 168
-0.771718222 0.249167094 -0.585121136 120.601578270 0.501030209 0.804860409 -0.318069885 1066.191106244 0.391688288 -0.538623692 -0.745965685 0.090331629 169
-0.773161718 0.239429753 -0.587277065 131.926500782 0.494946456 0.806785414 -0.322684524 1071.174511514 0.396546294 -0.540158023 -0.742280504 0.091391656 170
-0.774577189 0.229295180 -0.589452202 143.710013217 0.488618894 0.808702635 -0.327492939 1076.150095315 0.401598997 -0.541686043 -0.738440571 0.092484701 171
-0.775954150 0.218769500 -0.591637612 155.944721992 0.482051831 0.810601349 -0.332492835 1081.115239439 0.406842955 -0.543199189 -0.734447719 0.093612661 172
-0.777282017 0.207859141 -0.593824253 168.623068696 0.475249766 0.812470723 -0.337681779 1086.067302431 0.412274576 -0.544688811 -0.730303891 0.094777463 173
-0.778550144 0.196570853 -0.596002997 181.737331887 0.468217401 0.814299843 -0.343057184 1091.003620603 0.417890103 -0.546146194 -0.726011154 0.095981045 174
-0.779747846 0.184911729 -0.598164651 195.279629031 0.460959651 0.816077738 -0.348616303 1095.921509130 0.423685611 -0.547562580 -0.721571704 0.097225363 175
-0.780864428 0.172889222 -0.600299977 209.241918640 0.453481654 0.817793412 -0.354356212 1100.818263169 0.429656997 -0.548929187 -0.716987875 0.098512369 176
-0.781889218 0.160511161 -0.602399716 223.616002587 0.445788781 0.819435872 -0.360273805 1105.691159020 0.435799970 -0.550237239 -0.712262148 0.099844014 177
-0.782811595 0.147785766 -0.604454609 238.393528585 0.437886639 0.820994155 -0.366365786 1110.537455287 0.442110053 -0.551477982 -0.707397156 0.101222243 178
-0.783621018 0.134721662 -0.606455417 253.565992853 0.429781082 0.822457359 -0.372628655 1115.354394136 0.448582569 -0.552642711 -0.702395695 0.102648979 179
-0.784307060 0.121327888 -0.608392949 269.124742959 0.421478214 0.823814670 -0.379058708 1120.139202513 0.455212644 -0.553722794 -0.697260723 0.104126125 180
-0.784859430 0.107613904 -0.610258078 285.060980831 0.412984394 0.825055395 -0.385652025 1124.889093462 0.461995200 -0.554709692 -0.691995371 0.105655551 181
-0.785268015 0.093589604 -0.612041773 301.365765943 0.404306237 0.826168989 -0.392404470 1129.601267409 0.468924953 -0.555594985 -0.686602942 0.107239094 182
-0.785522898 0.079265314 -0.613735112 318.030018677 0.395450617 0.827145084 -0.399311682 1134.272913527 0.475996415 -0.556370398 -0.681086921 0.108878543 183
-0.785614397 0.064651797 -0.615329314 335.044523856 0.386424665 0.827973523 -0.406369074 1138.901211086 0.483203889 -0.557027819 -0.675450968 0.110575643 184
-0.785533090 0.049760255 -0.616815760 352.399934414 0.377235770 0.828644383 -0.413571832 1143.483330850 0.490541475 -0.557559328 -0.669698931 0.112332080 185
-0.785269846 0.034602326 -0.618186014 370.086775285 0.367891577 0.829148010 -0.420914914 1148.016436503 0.498003068 -0.557957217 -0.663834835 0.114149478 186
-0.784815856 0.019190076 -0.619431847 388.095447384 0.358399978 0.829475047 -0.428393046 1152.497686074 0.505582366 -0.558214015 -0.657862892 0.116029395 187
-0.784162655 0.003535999 -0.620545266 406.416231807 0.348769111 0.829616459 -0.436000731 1156.924233393 0.513272868 -0.558322512 -0.651787493 0.117973313 188
-0.783302159 -0.012346997 -0.621518527 425.039294119 0.339007353 0.829563566 -0.443732244 1161.293229573 0.521067887 -0.558275776 -0.645613209 0.119982634 189
-0.782226683 -0.028445600 -0.622344168 443.954688847 0.329123310 0.829308066 -0.451581641 1165.601824493 0.528960549 -0.558067181 -0.639344788 0.122058677 190
-0.780928977 -0.044746105 -0.623015023 463.152364068 0.319125806 0.828842067 -0.459542759 1169.847168298 0.536943808 -0.557690428 -0.632987151 0.124202669 191
-0.779402241 -0.061234432 -0.623524250 482.622166159 0.309023876 0.828158109 -0.467609228 1174.026412913 0.545010450 -0.557139561 -0.626545385 0.126415741 192
-0.777640160 -0.077896147 -0.623865347 502.353844660 0.298826750 0.827249191 -0.475774473 1178.136713573 0.553153102 -0.556408992 -0.620024741 0.128698923 193
-0.775636920 -0.094716474 -0.624032177 522.337057274 0.288543844 0.826108795 -0.484031724 1182.175230341 0.561364248 -0.555493518 -0.613430626 0.131053140 194
-0.773387232 -0.111680325 -0.624018986 542.561374975 0.278184737 0.824730908 -0.492374026 1186.139129655 0.569636236 -0.554388343 -0.606768592 0.133479209 195
-0.770886355 -0.128772321 -0.623820420 563.016287214 0.267759166 0.823110047 -0.500794249 1190.025585849 0.577961293 -0.553089088 -0.600044335 0.135977825 196
-0.768130114 -0.145976817 -0.623431549 583.691207270 0.257276998 0.821241278 -0.509285097 1193.831782700 0.586331539 -0.551591817 -0.593263679 0.138549573 197
-0.765114918 -0.163277932 -0.622847878 604.575477635 0.246748219 0.819120233 -0.517839126 1197.554914968 0.594739000 -0.549893045 -0.586432571 0.141194914 198
-0.761837776 -0.180659578 -0.622065366 625.658375528 0.236182914 0.816743132 -0.526448752 1201.192189904 0.603175625 -0.547989757 -0.579557066 0.143914177 199
-0.758296314 -0.198105493 -0.621080441 646.929118498 0.225591242 0.814106797 -0.535106265 1204.740828803 0.611633299 -0.545879416 -0.572643319 0.146707571 200
-0.754488785 -0.215599269 -0.619890013 668.376870050 0.214983421 0.811208667 -0.543803850 1208.198068490 0.620103864 -0.543559982 -0.565697573 0.149575167 201
-0.750414083 -0.233124393 -0.618491488 689.990745381 0.204369705 0.808046811 -0.552533597 1211.561162841 0.628579134 -0.541029915 -0.558726143 0.152516903 202
-0.746071752 -0.250664275 -0.616882778 711.759817147 0.193760357 0.804619940 -0.561287517 1214.827384273 0.637050912 -0.538288189 -0.551735409 0.155532580 203
-0.741461993 -0.268202291 -0.615062309 733.673121291 0.183165633 0.800927414 -0.570057565 1217.994025197 0.645511010 -0.535334296 -0.544731794 0.158621859 204
-0.736585668 -0.285721816 -0.613029035 755.719662891 0.172595754 0.796969255 -0.578835653 1221.058399495 0.653951266 -0.532168255 -0.537721759 0.161784262 205
-0.731444309 -0.303206262 -0.610782437 777.888422048 0.162060885 0.792746144 -0.587613666 1224.017843954 0.662363565 -0.528790614 -0.530711780 0.165019168 206
-0.726040113 -0.320639120 -0.608322537 800.168359801 0.151571110 0.788259433 -0.596383488 1226.869719660 0.670739855 -0.525202457 -0.523708340 0.168325810 207
-0.720375947 -0.338003994 -0.605649895 822.548424027 0.141136407 0.783511142 -0.605137013 1229.611413401 0.679072169 -0.521405399 -0.516717911 0.171703283 208
-0.714455343 -0.355284645 -0.602765613 845.017555386 0.130766626 0.778503961 -0.613866169 1232.240339032 0.687352641 -0.517401589 -0.509746940 0.175150528 209
-0.708282494 -0.372465023 -0.599671339 867.564693208 0.120471465 0.773241244 -0.622562933 1234.753938791 0.695573529 -0.513193712 -0.502801830 0.178666351 210
-0.701862251 -0.389529314 -0.596369261 890.178781406 0.110260446 0.767727009 -0.631219355 1237.149684618 0.703727231 -0.508784977 -0.495888930 0.182249407 211
-0.695200107 -0.406461971 -0.592862107 912.848774356 0.100142891 0.761965931 -0.639827572 1239.425079416 0.711806303 -0.504179122 -0.489014520 0.185898207 212
-0.688302196 -0.423247756 -0.589153141 935.563642718 0.090127899 0.755963330 -0.648379831 1241.577658285 0.719803479 -0.499380396 -0.482184789 0.189611119 213
-0.681175274 -0.439871776 -0.585246159 958.312379251 0.080224329 0.749725166 -0.656868504 1243.604989733 0.727711690 -0.494393564 -0.475405827 0.193386371 214
-0.673826708 -0.456319517 -0.581145477 981.084004564 0.070440769 0.743258024 -0.665286110 1245.504676834 0.735524075 -0.489223884 -0.468683610 0.197222045 215
-0.666264462 -0.472576881 -0.576855925 1003.867572803 0.060785525 0.736569099 -0.673625328 1247.274358345 0.743234006 -0.483877107 -0.462023981 0.201116086 216
-0.658497074 -0.488630218 -0.572382838 1026.652177276 0.051266594 0.729666184 -0.681879019 1248.911709800 0.750835095 -0.478359457 -0.455432640 0.205066303 217
-0.650533643 -0.504466359 -0.567732042 1049.426956015 0.041891650 0.722557650 -0.690040240 1250.414444543 0.758321217 -0.472677623 -0.448915132 0.209070367 218
-0.642383805 -0.520072645 -0.562909842 1072.181097240 0.032668026 0.715252428 -0.698102260 1251.780314745 0.765686520 -0.466838739 -0.442476830 0.213125816 219
-0.634057713 -0.535436957 -0.557923006 1094.903844745 0.023602692 0.707759988 -0.706058575 1253.007112332 0.772925436 -0.460850370 -0.436122926 0.217230060 220
-0.625566011 -0.550547741 -0.552778754 1117.584503184 0.014702247 0.700090320 -0.713902926 1254.092669926 0.780032698 -0.454720496 -0.429858420 0.221380378 221
-0.616919813 -0.565394032 -0.547484733 1140.212443252 0.005972902 0.692253905 -0.721629306 1255.034861691 0.787003348 -0.448457489 -0.423688107 0.225573931 222
-0.608130674 -0.579965478 -0.542049009 1162.777106779 -0.002579533 0.684261699 -0.729231975 1255.831604162 0.793832747 -0.442070099 -0.417616568 0.229807755 223
-0.599210566 -0.594252358 -0.536480040 1185.268011662 -0.010949658 0.676125098 -0.736705475 1256.480857001 0.800516585 -0.435567431 -0.411648162 0.234078772 224
-0.590171850 -0.608245600 -0.530786660 1207.674756731 -0.019132494 0.667855921 -0.744044633 1256.980623748 0.807050888 -0.428958925 -0.405787019 0.238383791 225
-0.581027247 -0.621936796 -0.524978057 1229.987026449 -0.027123490 0.659466376 -0.751244577 1257.328952473 0.813432022 -0.422254332 -0.400037029 0.242719513 226
-0.571789811 -0.635318213 -0.519063753 1252.194595488 -0.034918528 0.650969037 -0.758300738 1257.523936413 0.819656702 -0.415463693 -0.394401839 0.247082534 227
-0.562472899 -0.648382804 -0.513053581 1274.287333190 -0.042513930 0.642376812 -0.765208859 1257.563714552 0.825721990 -0.408597321 -0.388884848 0.251469353 228
-0.553090140 -0.661124213 -0.506957663 1296.255207859 -0.049906457 0.633702915 -0.771965000 1257.446472147 0.831625302 -0.401665769 -0.383489201 0.255876375 229
-0.543655409 -0.673536779 -0.500786385 1318.088290925 -0.057093313 0.624960840 -0.778565542 1257.170441206 0.837364407 -0.394679815 -0.378217787 0.260299915 230
-0.534182796 -0.685615537 -0.494550377 1339.776760949 -0.064072141 0.616164327 -0.785007187 1256.733900930 0.842937424 -0.387650432 -0.373073239 0.264736203 231
-0.524686575 -0.697356217 -0.488260488 1361.310907485 -0.070841026 0.607327336 -0.791286962 1256.135178084 0.848342824 -0.380588772 -0.368057929 0.269181390 232
-0.515181175 -0.708755239 -0.481927762 1382.681134790 -0.077398481 0.598464016 -0.797402217 1255.372647341 0.853579423 -0.373506135 -0.363173974 0.273631558 233
-0.505681156 -0.719809702 -0.475563415 1403.877965350 -0.083743451 0.589588679 -0.803350623 1254.444731563 0.858646378 -0.366413950 -0.358423233 0.278082717 234
-0.496201173 -0.730517378 -0.469178811 1424.892043291 -0.089875298 0.580715766 -0.809130169 1253.349902043 0.863543182 -0.359323753 -0.353807311 0.282530815 235
-0.486755955 -0.740876695 -0.462785439 1445.714137574 -0.095793793 0.571859825 -0.814739155 1252.086678687 0.868269653 -0.352247162 -0.349327564 0.286971747 236
-0.477360273 -0.750886724 -0.456394891 1466.335145084 -0.101499107 0.563035477 -0.820176190 1250.653630186 0.872825928 -0.345195856 -0.344985101 0.291401353 237
-0.468028919 -0.760547156 -0.450018837 1486.746093516 -0.106991795 0.554257395 -0.825440183 1249.049374073 0.877212452 -0.338181554 -0.340780795 0.295815435 238
-0.458776676 -0.769858283 -0.443669005 1506.938144097 -0.112272782 0.545540275 -0.830530331 1247.272576817 0.881429966 -0.331215991 -0.336715285 0.300209749 239
-0.449618295 -0.778820972 -0.437357157 1526.902594169 -0.117343347 0.536898809 -0.835446113 1245.321953810 0.885479490 -0.324310904 -0.332788986 0.304580025 240
-0.440568474 -0.787436639 -0.431095070 1546.630879580 -0.122205105 0.528347665 -0.840187275 1243.196269346 0.889362318 -0.317478007 -0.329002102 0.308921962 241
-0.431641834 -0.795707218 -0.424894516 1566.114576925 -0.126859990 0.519901459 -0.844753820 1240.894336533 0.893079991 -0.310728974 -0.325354629 0.313231240 242
-0.422852897 -0.803635133 -0.418767239 1585.345405609 -0.131310227 0.511574737 -0.849145990 1238.415017186 0.896634291 -0.304075421 -0.321846372 0.317503528 243
-0.414216071 -0.811223257 -0.412724938 1604.315229777 -0.135558319 0.503381949 -0.853364257 1235.757221672 0.900027215 -0.297528891 -0.318476955 0.321734482 244
-0.405745626 -0.818474881 -0.406779248 1623.016060039 -0.139607018 0.495337434 -0.857409300 1232.919908703 0.903260963 -0.291100836 -0.315245835 0.325919757 245
-0.397455681 -0.825393673 -0.400941725 1641.440055053 -0.143459300 0.487455397 -0.861281989 1229.902085112 0.906337912 -0.284802600 -0.312152316 0.330055018 246
-0.389360186 -0.831983638 -0.395223826 1659.579522974 -0.147118343 0.479749895 -0.864983371 1226.702805578 0.909260600 -0.278645412 -0.309195563 0.334135929 247
-0.381472910 -0.838249074 -0.389636893 1677.426922698 -0.150587495 0.472234816 -0.868514643 1223.321172320 0.912031702 -0.272640364 -0.306374618 0.338158180 248
-0.373807423 -0.844194532 -0.384192143 1694.974864991 -0.153870251 0.464923868 -0.871877137 1219.756334756 0.914654009 -0.266798405 -0.303688418 0.342117478 249
-0.366377093 -0.849824762 -0.378900646 1712.216113450 -0.156970218 0.457830565 -0.875072297 1216.007489138 0.917130403 -0.261130327 -0.301135810 0.346009559 250
-0.359195065 -0.855144673 -0.373773319 1729.143585307 -0.159891092 0.450968208 -0.878101653 1212.073878141 0.919463835 -0.255646756 -0.298715570 0.349830192 251
-0.352274258 -0.860159278 -0.368820910 1745.750352096 -0.162636620 0.444349882 -0.880966806 1207.954790421 0.921657299 -0.250358141 -0.296426422 0.353575186 252
-0.345627356 -0.864873648 -0.364053984 1762.029640182 -0.165210574 0.437988436 -0.883669393 1203.649560171 0.923713807 -0.245274748 -0.294267057 0.357240395 253
-0.339266799 -0.869292858 -0.359482916 1777.974831136 -0.167616715 0.431896482 -0.886211073 1199.157566612 0.925636363 -0.240406648 -0.292236150 0.360821722 254
